4294967278,59
4294967278,58
4294967278,57
4294967279,80
4294967279,78
4294967279,77
4294967279,76
4294967279,74
4294967279,71
4294967279,70
4294967279,69
4294967279,68
4294967279,67
4243767290,0
4294967278,374
314,2
4294967278,432
405,4
3,6
3,5
4294967278,274
415,2
414,4
341,6
341,4
194,4
353,5
353,4
349,5
349,4
67,4
144,6
113,7
212,6
312,5
293,4
293,5
4294967278,260
4294967278,174
4294967279,425
4294967279,66
4294967279,64
4294967279,63
4294967279,61
4294967279,59
4294967279,56
4294967279,55
4294967279,54
4294967279,53
4294967279,52
4294967279,50
4294967279,224
4294967279,47
4294967279,46
4294967279,311
4294967279,518
4294967279,44
4294967279,401
4294967279,43
4294967279,41
4294967279,40
4294967279,39
4294967279,553
4294967279,37
4294967279,35
4294967279,33
4294967279,32
4294967279,30
4294967279,29
4294967279,28
4294967279,27
4294967279,26
4294967279,25
4294967279,24
4294967279,21
4294967279,19
4294967279,18
4294967279,16
4294967279,15
4294967279,13
4294967279,12
4294967279,11
4294967279,10
4294967278,443
154,4
359,4
404,8
404,6
404,5
178,2
404,4
73,4
73,6
4294967279,88
399,5
4294967278,380
4294967278,373
4294967278,391
289,5
289,6
289,4
340,6
83,1
83,4
367,1
367,6
367,4
401,9
401,8
401,2
401,7
401,6
401,5
4294967278,360
4294967279,313
4294967279,260
418,4
184,7
184,0
184,2
4294967279,222
357,5
357,4
303,6
4294967294,1442
4294967294,477
4294967294,503
4294967294,500
4294967294,478
4294967279,312
355,5
355,4
415,5
413,6
303,5
413,5
413,4
4294967278,372
376,7
376,6
376,4
4294967279,218
4294967279,174
184,6
184,1
184,5
184,4
368,5
368,4
365,7
365,5
365,4
364,6
364,5
364,4
4294967278,287
168,4
196,6
196,4
178,5
178,7
178,4
4294967278,309
299,6
299,4
175,6
175,4
62,4
4294967278,342
340,1
303,1
303,4
340,5
340,4
401,4
401,1
351,5
351,4
4294967278,286
314,6
314,4
399,1
2,4
137,1
315,7
315,0
315,1
315,5
315,2
4294967278,205
4294967278,431
315,4
315,6
4294967294,1450
4294967294,488
415,4
4294967294,1471
4294967294,491
4294967294,486
4294967294,1459
399,4
4294967294,1439
137,4
4294967294,1426
4294967278,189
4294967294,1016
4294967278,187
4294967278,188
4294967278,390
4294967278,355
407,11
4294967278,185
4294967278,186
4294967278,305
4294967278,284
407,10
4294967278,389
4294967278,182
4294967294,1020
4294967294,977
4294967294,974
4294967294,1031
4294967294,1027
4294967294,969
4294967294,1025
4294967278,183
4294967278,388
4294967278,258
4294967279,184
403,7
4294967278,180
4294967294,1445
4294967294,1428
4294967278,181
4294967278,255
4294967278,428
4294967294,1418
4294967294,387
4294967294,418
4294967294,37
4294967278,178
4243767290,3
4243767290,2
4294967294,504
4294967294,1435
4294967294,36
4294967294,39
4294967294,494
399,6
4294967294,18
4294967294,11
4294967278,176
4294967279,177
4294967294,1460
4294967278,175
420,4
4294967278,173
420,3
420,2
420,1
4294967279,175
4294967294,29
4294967294,41
4294967294,1429
4294967294,1441
4294967294,42
4294967294,392
4294967294,393
4294967294,390
4294967294,389
4294967294,429
4294967294,1434
4294967294,114
4294967294,115
419,6
4294967294,511
4294967294,1437
419,5
4294967294,1446
4294967294,107
4294967294,94
4294967294,96
419,4
419,3
419,2
419,1
4294967294,53
4294967294,1443
4294967294,52
4294967278,442
4294967278,387
4294967278,346
4294967294,99
4294967294,76
4294967294,1037
4294967294,82
4294967294,91
4294967294,90
4294967294,87
4294967294,86
4294967294,84
4294967294,396
4294967294,419
4294967294,441
4294967294,187
4294967294,179
4294967294,987
4294967294,407
4294967294,1014
4294967294,386
4294967294,421
4294967294,183
4294967294,398
4294967294,406
4294967294,420
4294967294,416
4294967294,982
4294967294,167
4294967294,175
4294967294,487
4294967294,448
4294967294,455
4294967279,161
4294967294,1432
4294967294,120
4294967279,391
4294967294,1425
4294967294,9
4294967279,549
4294967279,154
4294967294,89
4294967294,182
4294967294,173
4294967294,185
4294967294,979
4294967294,1019
4294967294,437
4294967294,1427
4294967294,425
4294967278,333
4294967278,0
4294967294,1451
397,9
0,7
3,4
4294967294,506
4294967294,510
4294967294,508
4294967294,1430
4294967294,1423
4294967294,22
4294967294,1021
4294967294,7
4294967278,132
4294967278,375
4294967278,131
4294967278,234
4294967278,130
4294967278,129
4294967278,311
4294967278,128
4294967278,358
4294967278,127
4294967278,126
4294967278,125
4294967278,124
4294967278,123
4294967278,122
4294967278,121
4294967278,120
4294967278,119
4294967278,118
4294967278,117
4294967278,116
4294967278,115
4294967278,114
4294967278,113
4294967278,112
4294967278,111
4294967278,110
4294967278,109
